kinematics:
  shoulder:
    x: 0
    y: 0
    z: 0.1625309220198863
    roll: -0
    pitch: 0
    yaw: 2.856527083136551e-07
  upper_arm:
    x: 0.0001560071279388776
    y: 0
    z: 0
    roll: 1.570359818411662
    pitch: 0
    yaw: 6.197533836860579e-06
  forearm:
    x: -0.4252048917917556
    y: 0
    z: 0
    roll: 3.139694058634207
    pitch: 3.140655618586034
    yaw: 3.141589667265806
  wrist_1:
    x: -0.3919240531295174
    y: -0.0002100376184128086
    z: 0.1339602646174574
    roll: 0.001567908565261027
    pitch: 0.001260136407456554
    yaw: 3.098371123220268e-06
  wrist_2:
    x: -3.567068058540875e-05
    y: -0.0997864065473528
    z: 2.171713392623859e-05
    roll: 1.570578690602405
    pitch: 0
    yaw: 3.77823946464892e-06
  wrist_3:
    x: 4.413475058699031e-05
    y: 0.09948101483915463
    z: 1.505552611030111e-05
    roll: 1.570947667490603
    pitch: 3.141592653589793
    yaw: 3.141592648401058
  hash: calib_7147691302859851572